0 0.16611570119857788 0.41981983184814453 0.3388429880142212 0.11771771311759949
1 0.7016528447469076 0.3792792856693268 0.0661157766977946 0.023423433303833008
1 0.6144628524780273 0.42222219705581665 0.025619784990946453 0.022822827100753784
1 0.9049587249755859 0.3582582473754883 0.18842975298563638 0.07507506012916565
0 0.4628099203109741 0.3501501679420471 0.32892560958862305 0.16336336731910706
0 0.310743788878123 0.3636636734008789 0.6115702390670776 0.21201202273368835
2 0.48595043023427326 0.379879891872406 0.09090908368428548 0.06546548008918762
3 0.16033057371775308 0.3885885775089264 0.064462810754776 0.06366366147994995
3 0.19132230679194132 0.41381382942199707 0.33305784066518146 0.0996997058391571
4 0.38595040639241535 0.3537537455558777 0.14214875300725302 0.17057058215141296
