0 0.16929548978805542 0.5020624399185181 0.43112512429555255 0.11549791693687439
1 0.8506835301717123 0.46228641271591187 0.0841219425201416 0.022981733083724976
1 0.739747683207194 0.5044195652008057 0.03259730339050293 0.022392481565475464
1 1.1093586285909016 0.4416617751121521 0.2397477626800537 0.07365939021110535
0 0.5467928647994995 0.43370652198791504 0.4185068607330322 0.16028282046318054
0 0.35331233342488605 0.44696521759033203 0.7781283060709635 0.2080141305923462
2 0.5762355327606201 0.4628756642341614 0.11566766103108723 0.06423097848892212
3 0.16193480292956033 0.47142016887664795 0.0820189118385315 0.062463194131851196
3 0.2013669808705648 0.49616968631744385 0.4237644672393799 0.09781965613365173
4 0.4490010738372803 0.43724220991134644 0.18086222807566324 0.16735413670539856
